60
69
134
135
169
25
39
34
173
49
187
178
18
131
128
106
156
70
71
154
66
112
139
105
43
2
4
5
202
109
120
42
174
72
195
28
3
10
33
171
191
101
67
64
57
6
130
47
12
85
144
181
151
180
103
143
26
138
175
123
116
22
168
199
170
136
160
176
104
158
189
91
74
52
53
110
97
83
186
87
113
36
19
152
153
125
150
183
200
102
75
92
118
77
93
161
63
121
44
8
133
157
50
162
59
17
61
73
179
24
127
188
35
115
41
142
117
30
96
198
126
194
45
172
149
68
84
94
190
76
11
54
31
140
201
27
23
129
159
38
80
7
56
177
32
119
185
141
89
90
16
1
58
29
65
124
88
193
148
192
78
167
114
95
197
13
100
20
37
107
99
21
145
137
55
79
184
48
15
81
163
82
40
132
146
62
147
46
9
108
86
14
182
