137
88
124
13
147
34
55
143
94
158
160
82
81
148
39
116
7
139
26
138
15
173
181
75
48
100
29
128
136
44
35
187
106
163
60
171
11
28
123
176
40
67
49
23
10
120
177
197
192
68
22
126
131
64
157
103
52
115
50
56
186
38
133
119
150
33
105
118
54
45
169
46
99
179
25
27
117
151
65
17
95
145
149
14
168
146
57
59
198
70
201
74
127
58
107
113
77
182
110
83
16
89
183
96
174
2
194
104
156
180
114
191
125
31
200
69
190
19
90
86
79
167
193
97
175
162
80
184
37
129
92
32
76
189
3
140
130
8
4
152
144
178
62
47
132
42
101
18
170
172
20
61
30
21
84
154
6
102
53
134
24
199
93
109
195
91
161
43
72
73
66
36
108
142
153
159
12
188
78
202
71
9
141
135
121
112
185
85
1
87
5
41
63
