163
120
101
69
42
31
2
25
87
202
184
77
57
161
32
14
54
154
193
58
115
192
53
110
70
142
50
178
29
80
8
92
108
89
59
84
141
138
10
187
62
194
157
11
48
145
18
149
24
151
78
41
200
175
56
91
195
148
3
4
15
94
124
7
107
143
72
63
66
140
74
75
130
158
6
55
88
67
162
93
136
45
123
43
46
153
109
71
44
20
34
112
17
85
132
183
68
23
121
12
76
144
39
1
150
118
99
129
40
73
135
5
16
22
174
13
198
90
106
185
139
171
189
173
103
201
119
160
167
37
95
97
168
180
47
191
179
156
116
102
100
35
49
128
127
9
197
159
134
182
152
199
146
60
105
131
52
26
114
190
172
188
104
133
64
169
28
61
79
81
125
126
170
19
186
177
117
113
21
147
33
137
181
176
38
36
82
96
86
83
65
30
27
