185
3
21
74
146
174
15
147
158
177
54
100
139
34
25
102
26
130
163
199
168
44
39
151
113
182
107
88
84
201
40
176
97
134
133
14
109
114
104
36
189
136
13
192
173
87
194
202
150
59
145
57
169
72
20
80
135
90
95
161
144
99
197
153
37
138
6
29
121
141
77
18
53
56
12
129
67
65
10
62
93
22
45
58
82
101
157
119
81
125
191
128
172
9
116
94
178
175
190
69
73
63
91
188
103
140
171
187
16
96
105
78
110
112
127
31
115
70
123
35
117
142
167
75
126
19
49
47
86
183
28
193
66
71
5
106
76
48
24
198
120
2
149
4
60
154
30
143
160
85
38
33
124
170
132
42
92
83
43
186
27
148
137
61
131
23
108
195
55
184
179
11
17
1
89
32
52
50
159
68
79
180
181
200
41
152
7
46
118
162
8
64
156
