119
60
59
142
79
54
86
159
67
37
21
176
139
198
9
135
136
169
186
72
93
181
88
121
47
62
156
200
89
123
80
134
35
14
174
92
118
146
83
18
105
145
61
152
107
99
23
13
44
74
154
76
116
178
197
138
167
90
141
132
168
50
38
185
127
150
147
52
115
180
66
70
28
55
12
32
31
101
97
194
56
30
42
131
193
22
53
27
94
49
75
129
189
112
120
19
15
108
64
160
182
58
46
100
126
187
11
77
117
158
68
16
109
133
114
161
26
81
192
82
96
20
153
48
190
171
57
177
34
149
130
29
199
175
24
17
41
6
144
45
179
202
110
157
85
128
170
106
113
87
39
33
201
43
2
137
102
183
162
188
65
103
104
148
151
10
143
36
172
124
69
