181
8
177
202
7
92
26
95
47
75
115
186
102
150
148
11
126
84
178
105
68
72
183
59
80
90
134
14
97
142
67
123
145
60
23
3
172
17
63
125
33
110
81
78
94
131
152
160
37
159
151
171
168
118
199
62
44
127
6
58
175
156
124
18
193
107
167
116
117
88
49
76
100
45
83
13
50
69
65
133
189
74
42
48
135
46
99
39
140
132
38
35
21
54
195
22
34
77
112
61
169
158
57
170
200
141
87
201
188
32
192
29
113
43
144
71
153
9
104
121
93
190
96
138
19
40
24
136
149
70
66
89
179
180
55
119
185
128
103
197
85
101
198
147
139
91
154
79
182
73
31
137
120
157
28
41
12
106
161
56
25
146
5
114
187
10
108
174
109
82
143
173
27
1
52
86
15
176
64
191
163
16
2
4
20
184
36
53
30
129
130
162
194
